0 0.6212909121607997 0.5235655737704918 0.07900157740801918 0.030737704918032786 0.597712832947152 0.5223736213682432 1 0.6048111234725807 0.523275150760654 1 0.6116032694104009 0.5257191194930684 1 0.6186408538063459 0.525617546675034 1 0.6254863878577188 0.5258985836993795 1 0.6322363521883319 0.5257792100738317 1 0.6391059369936198 0.5246529508419893 1 0.6461151653974487 0.5254641639594833 1 0.6535321577524135 0.5249594439793748 1 0.6607917008648093 0.5264325595199087 1 0.595214469990768 0.5249985616500196 1 0.5933704225815237 0.5247328066588871 1 
0 0.3662443708736262 0.022540983606557378 0.08232607306756234 0.036885245901639344 0.39297332430138177 0.02562131441717093 1 0.3852206337696174 0.02344970084093306 0 0.377699483183744 0.019547658222462225 0 0.3703503050734131 0.018236731856533416 0 0.36299779935072 0.016521060747023055 0 0.3550422751718443 0.017660062213240298 0 0.3470031200872651 0.01637561287094889 1 0.339428496611218 0.01436685713155097 1 0.3321007185473186 0.011009460402065772 1 0.32508133433984504 0.00763949779640363 1 0.3971236170488087 0.025027805557619687 1 0.3955475869780552 0.027355363698341493 1 
0 0.4976851851851852 0.12192622950819672 0.047839506172839504 0.0471311475409836 0.4880639219163739 0.12795329607955913 1 0.4933799290789417 0.12810175228553364 1 0.5004851088138379 0.1260315440848084 1 0.5090785478312938 0.12475865677156686 1 0.5157156799067368 0.12101062671185592 0 0.5167331074679451 0.1148811573853134 0 0.5120652053832466 0.11154762915076492 1 0.5043005738901758 0.10719526780083591 1 0.4957814213978005 0.10457059587371786 1 0.48728623814860156 0.10226464186980638 1 0.48471961037875194 0.12733898622117928 1 0.4905611415333859 0.1271424923696637 1 
0 0.7226867658150136 0.018442622950819672 0.05031180323496529 0.036885245901639344 0.7117272109071968 0.018319058635232657 1 0.7157386908798932 0.021781414781820507 1 0.7191445471370771 0.022887083604573765 1 0.7222935373284767 0.02044440504268735 1 0.7253953704604746 0.019066331178371143 1 0.7281478706520147 0.02060596181460397 1 0.7310997921778813 0.02277186071271793 1 0.7354287996795762 0.02265589945888414 1 0.7408694165189784 0.021381941129059962 1 0.7478426674324962 0.02092386281969615 1 0.712363174147653 0.013620501615873255 1 0.706965763129125 0.017671568006778566 1 
0 0.5857423908658685 0.3043032786885246 0.09741070765766299 0.06762295081967214 0.5580642201365836 0.3106393197031691 1 0.5679723800002899 0.30272717926893883 1 0.578241785025547 0.2956562285753071 0 0.5887907611728868 0.2893245757558228 0 0.599091585733672 0.2856361683661981 0 0.6069043610331315 0.2820343574151122 1 0.6125770221528661 0.2785290273736473 1 0.6164128548354796 0.2752957274323648 1 0.6243045711965433 0.2749317239590966 1 0.6344477446947 0.2770331237192718 1 0.5550521352047347 0.3165463375924215 1 0.5550546850239427 0.3166830328067727 1 
0 0.36448913108861947 0.04610655737704918 0.04687949674514018 0.055327868852459015 0.36150503781394416 0.046334684863275646 1 0.3560481722712893 0.04227638784974298 1 0.35304426776636644 0.03912060974022001 1 0.34986053803203787 0.033597470906100414 1 0.3481991530653128 0.030434416744305373 1 0.349408159455333 0.02728631646126768 1 0.3557853310292749 0.024083997399834117 1 0.3660840886306746 0.02523138931993249 0 0.37752230698384864 0.025474582643024723 1 0.38792887946118954 0.02255094806883583 1 0.3616652862365844 0.05055193211057232 1 0.37025836743245866 0.051436440725201676 1 
0 0.5339506172839507 0.11168032786885246 0.043209876543209874 0.03483606557377049 0.5397924346567422 0.11266726528884752 1 0.5447742661483321 0.11178556368551942 1 0.5466366971295733 0.10983084054970658 1 0.5409185404083654 0.10992258613930697 1 0.5324643169605611 0.1088287308861198 1 0.524298704302379 0.11180827823123465 1 0.5188479321566324 0.11261917804030128 1 0.5160192828772173 0.11796895849965008 1 0.5152139659865601 0.12292939495681535 1 0.5159226231396765 0.128742352687246 0 0.5377440096216777 0.11359204837798288 1 0.5314647591801186 0.11351307137075145 1 
0 0.007716049382716049 0.9364451961629723 0.015432098765432098 0.06153583718225205 0.0013251397451175724 0.9535337286596605 1 0.0 0.9549645850843698 0 0.0 0.9545912935554811 0 0.0 0.9484278605925833 0 0.0 0.9401288762044503 0 0.0 0.9320612532356514 0 0.0 0.9253828035168024 0 0.0 0.918803359875475 0 0.0 0.9118632451094791 0 0.0 0.9056772775718464 0 0.00515787251194926 0.9504289095846956 1 0.00417294896304802 0.9543088893914381 1 
0 0.36574074074074076 -0.004098360655737705 0.08333333333333333 0.036885245901639344 0.39297332430138177 0.0 1 0.3852206337696174 0.0 0 0.377699483183744 0.0 0 0.3703503050734131 0.0 0 0.36299779935072 0.0 0 0.3550422751718443 0.0 0 0.3470031200872651 0.0 0 0.339428496611218 0.0 0 0.3321007185473186 0.0 0 0.32508133433984504 0.0 0 0.3971236170488087 0.0 0 0.3955475869780552 0.0007160194360464124 1 
0 0.4976851851851852 0.07274590163934426 0.047839506172839504 0.0471311475409836 0.4880639219163739 0.06671883506798187 1 0.4933799290789417 0.06657037886200741 1 0.5004851088138379 0.06864058706273253 1 0.5090785478312938 0.06991347437597412 1 0.5157156799067368 0.07366150443568503 0 0.5167331074679451 0.07979097376222759 1 0.5120652053832466 0.08312450199677603 1 0.5043005738901758 0.08747686334670508 1 0.4957814213978005 0.09010153527382309 1 0.48728623814860156 0.09240748927773454 1 0.48471961037875194 0.06733314492636171 1 0.4905611415333859 0.06752963877787732 1 
0 0.36419753086419754 -0.0030737704918032786 0.046296296296296294 0.055327868852459015 0.36150503781394416 0.0 0 0.3560481722712893 0.0 0 0.35304426776636644 0.0 0 0.34986053803203787 0.0 0 0.3481991530653128 0.0 0 0.349408159455333 0.0 0 0.3557853310292749 0.0 0 0.3660840886306746 0.0 0 0.37752230698384864 0.0 0 0.38792887946118954 0.0 0 0.3616652862365844 0.0013716042417198653 1 0.37025836743245866 0.0022561128563492196 1 
0 0.5339506172839507 0.07479508196721311 0.043209876543209874 0.03483606557377049 0.5397924346567422 0.073808144547218 1 0.5447742661483321 0.07468984615054622 1 0.5466366971295733 0.07664456928635902 1 0.5409185404083654 0.07655282369675855 1 0.5324643169605611 0.07764667894994577 1 0.524298704302379 0.07466713160483095 1 0.5188479321566324 0.07385623179576432 1 0.5160192828772173 0.06850645133641552 1 0.5152139659865601 0.06354601487925027 1 0.5159226231396765 0.05773305714881954 1 0.5377440096216777 0.07288336145808263 1 0.5314647591801186 0.07296233846531407 1 
