0 0.8819444444444444 0.1526639344262295 0.09722222222222222 0.05122950819672131 0.8560720620208848 0.15250091690984052 0 0.8645962886646633 0.1522825940363418 0 0.8727577850900552 0.15204895630793602 0 0.8809651163017623 0.1527095692047538 1 0.8889203706855963 0.1512268405409633 1 0.8982684848050331 0.1492592448939494 1 0.9081407555733366 0.14726372844746435 1 0.9179626983553422 0.14373115092478161 1 0.9280723328102565 0.14684608548539013 1 0.930258273459791 0.14596888157192786 1 0.8558908084907865 0.15487392236103825 0 0.8481699611161061 0.15473313899731442 1 
0 0.5192901234567902 0.42008196721311475 0.038580246913580245 0.05327868852459016 0.5146465517919195 0.4308755810155532 1 0.5110346759785268 0.4254596801628752 1 0.5082394105065237 0.4209291262016562 1 0.5083753132826296 0.4134288996161097 1 0.5112439302329295 0.4066020016012244 1 0.516482428639848 0.40131138054258286 1 0.5229570508244201 0.3995642953242093 1 0.5294466937675547 0.4017010117686928 1 0.5347040765043041 0.4073203578957265 1 0.5338048329683434 0.41601567327782957 1 0.5193548020577173 0.43373595308197266 1 0.5145005743626454 0.43616078907186295 1 
0 0.7299382716049383 0.11065573770491803 0.04938271604938271 0.0778688524590164 0.7417473229296541 0.09127426638281297 1 0.73953913118929 0.09745778666376986 1 0.7379179035914507 0.1061506305505212 1 0.7350656719385792 0.11356871532947657 1 0.7339507466501543 0.11946467548697866 1 0.7305713822247548 0.12358528959948463 1 0.7260998445614727 0.12872783457011228 1 0.72046824947628 0.13400417845662374 1 0.713451271977928 0.14015415813511856 1 0.7053013334391165 0.14453715437688344 1 0.739639363042152 0.09253230240067839 1 0.747166517009977 0.09275501603247693 1 
0 0.39197530864197533 0.7510245901639344 0.05555555555555555 0.055327868852459015 0.37569682839289287 0.7634502154509774 1 0.3807284730826465 0.7606932333026922 1 0.3855302622457869 0.7596254368509607 1 0.39014375746194574 0.754837444301166 1 0.39450792577054544 0.7492583474448336 1 0.3998421970297467 0.7451940905839535 1 0.4054481798813689 0.7418137396042945 1 0.41019256503987545 0.7367113503777546 1 0.4144135852381135 0.7311279277800178 1 0.41740928861371396 0.7249115813000894 1 0.3728598244465528 0.768645340180824 1 0.3746463708578414 0.7658803833919641 1 
0 0.7052469135802469 0.6290983606557377 0.06481481481481481 0.036885245901639344 0.6875157303713364 0.6261172262443323 1 0.693390656594683 0.6288750769615135 1 0.6990175723909224 0.631193169891581 1 0.705050472006746 0.6351794098805797 1 0.7117713164175744 0.63632578101679 1 0.7184832385357254 0.6374951458421784 0 0.7244997119291063 0.6388469114794861 0 0.7299048495240471 0.6410423027634535 0 0.7332789003677598 0.6420024287978672 0 0.7365271511994154 0.6437681886131421 0 0.6831280836831014 0.6257805020234543 1 0.6859780415291512 0.6256468967190372 1 
0 0.8780864197530864 0.1915983606557377 0.06481481481481481 0.0430327868852459 0.8602351661067282 0.1948363001848813 1 0.8662463468686321 0.18903854675306356 1 0.8726738794868221 0.18319315732778133 1 0.8804683494630328 0.1800097994476691 1 0.8878227305636099 0.17888480273000096 1 0.893430985860789 0.18194932598114089 1 0.8965407959329265 0.1861218672490213 1 0.8979355640316178 0.19186149723577742 1 0.9030321209284979 0.19595181567063732 1 0.9102729930770697 0.19915484735144723 1 0.8603734561771115 0.19874995805906345 1 0.8567657636274727 0.1981795679161016 1 
0 0.7484567901234568 0.05430327868852459 0.046296296296296294 0.06762295081967214 0.7464233952780907 0.06318049883699584 0 0.7423018601373438 0.05316001278743334 0 0.7363589979268005 0.04351988308678406 0 0.7337853337883411 0.0349817482822759 0 0.7375661589681807 0.029963961165275194 0 0.7436760771349594 0.027812019238956372 0 0.7513215961367439 0.031067970189180408 0 0.7596523787220112 0.037140305183958854 1 0.7652830166014433 0.047306059396338786 1 0.7689244050832638 0.05897174787435364 1 0.7425152572283696 0.06955670801261651 0 0.7491124042057471 0.06818440559361852 1 
0 0.7253086419753086 0.6454918032786885 0.037037037037037035 0.040983606557377046 0.7224354614684376 0.6501313597297524 1 0.7289190836490564 0.6476834411649074 1 0.7345427385867394 0.6456368165469896 1 0.7361309286639153 0.6400447952255568 1 0.7329211877667158 0.6399630673259088 1 0.7279640123699537 0.6347515492189928 1 0.7213239024732878 0.632204657207583 1 0.7150921999541606 0.628891757411714 1 0.710385048568615 0.6304736652357973 1 0.70800805265422 0.6319769539250218 1 0.7184199121176699 0.6529646178375842 1 0.7198092770137703 0.6525696051187215 1 
0 0.010030864197530864 0.3626865913012329 0.020061728395061727 0.045118620676222694 0.0063025278140947895 0.3701635551048315 1 0.0 0.3694222039023158 1 0.0 0.3683719714860688 0 0.0 0.36555273912616 0 0.0 0.3623620644572099 0 0.0 0.3604366559093858 0 0.0 0.3559686231853373 0 0.0 0.3521553844469083 0 0.0 0.3463810303899206 0 0.0 0.34012728096312156 0 0.00990622244435921 0.3740884577915574 1 0.007735475476460164 0.3683462336153285 1 
0 0.007716049382716049 0.11807919024643303 0.015432098765432098 0.034333422785822465 0.0 0.1044377952832918 0 0.0 0.1009124788535218 0 0.0 0.10411107402866607 0 0.0 0.10404664217640151 0 0.0 0.10701588833313208 0 0.0 0.11038639530573514 0 0.0 0.11519590641135165 0 0.0034578350417136137 0.11947126064894599 1 0.008409355345532075 0.12446801184427927 1 0.01245131031229523 0.13199361140336224 1 0.0 0.1136635029605556 0 0.0 0.11434790231352228 0 
0 0.8819444444444444 0.09938524590163934 0.09722222222222222 0.05122950819672131 0.8560720620208848 0.09954826341802832 1 0.8645962886646633 0.09976658629152711 1 0.8727577850900552 0.10000022401993286 1 0.8809651163017623 0.09933961112311503 1 0.8889203706855963 0.10082233978690554 1 0.8982684848050331 0.10278993543391951 1 0.9081407555733366 0.10478545188040451 1 0.9179626983553422 0.10831802940308724 1 0.9280723328102565 0.10520309484247875 1 0.930258273459791 0.10608029875594104 1 0.8558908084907865 0.09717525796683063 1 0.8481699611161061 0.09731604133055445 1 
0 0.7299382716049383 0.06352459016393443 0.04938271604938271 0.0778688524590164 0.7417473229296541 0.04414311884182936 1 0.73953913118929 0.05032663912278626 1 0.7379179035914507 0.059019483009537584 1 0.7350656719385792 0.06643756778849297 1 0.7339507466501543 0.07233352794599504 1 0.7305713822247548 0.07645414205850103 1 0.7260998445614727 0.08159668702912867 1 0.72046824947628 0.08687303091564012 1 0.713451271977928 0.09302301059413494 1 0.7053013334391165 0.09740600683589982 1 0.739639363042152 0.04540115485969478 1 0.747166517009977 0.04562386849149332 1 
0 0.8780864197530864 0.14651639344262296 0.06481481481481481 0.0430327868852459 0.8602351661067282 0.14327845391347938 1 0.8662463468686321 0.1490762073452971 1 0.8726738794868221 0.15492159677057935 1 0.8804683494630328 0.15810495465069152 0 0.8878227305636099 0.1592299513683597 0 0.893430985860789 0.15616542811721978 0 0.8965407959329265 0.1519928868493393 0 0.8979355640316178 0.14625325686258325 0 0.9030321209284979 0.1421629384277233 0 0.9102729930770697 0.13895990674691344 1 0.8603734561771115 0.13936479603929716 1 0.8567657636274727 0.13993518618225897 1 
0 0.7484567901234568 -0.007172131147540984 0.046296296296296294 0.06762295081967214 0.7464233952780907 0.001705089000930267 1 0.7423018601373438 0.0 0 0.7363589979268005 0.0 0 0.7337853337883411 0.0 0 0.7375661589681807 0.0 0 0.7436760771349594 0.0 0 0.7513215961367439 0.0 0 0.7596523787220112 0.0 0 0.7652830166014433 0.0 0 0.7689244050832638 0.0 0 0.7425152572283696 0.008081298176550934 1 0.7491124042057471 0.00670899575755295 1 
0 0.007716049382716049 0.08069130155684567 0.015432098765432098 0.03433342278582249 0.0 0.09433269651998688 0 0.0 0.09785801294975692 0 0.0 0.09465941777461262 0 0.0 0.09472384962687712 0 0.0 0.09175460347014658 0 0.0 0.08838409649754349 0 0.0 0.0835745853919271 0 0.0034578350417136137 0.0792992311543327 1 0.008409355345532075 0.07430247995899941 1 0.01245131031229523 0.06677688039991649 1 0.0 0.08510698884272308 0 0.0 0.08442258948975642 0 
