0 0.13503086419753085 0.04815573770491803 0.06944444444444445 0.07172131147540983 0.1167916812947403 0.05506033291193211 1 0.11635349199707276 0.0480728492383963 1 0.11869670177190167 0.039818584887165824 1 0.121564254844734 0.030082799023841207 1 0.12925943404888415 0.020894667780386397 1 0.14181539153353726 0.019149384666026902 1 0.15218313056837782 0.024940180847959594 1 0.15814734002804218 0.03563712317673596 1 0.1635733747370535 0.04862876113467307 1 0.16499065292304432 0.06501108784286004 1 0.11417162309632727 0.05781292428708315 1 0.12488220510043603 0.05977709775255625 1 
0 0.2932098765432099 0.21618852459016394 0.05555555555555555 0.055327868852459015 0.2775465057527418 0.22000113492289866 1 0.2748721986986812 0.21277046065351177 1 0.27578374138817696 0.206407655261524 1 0.2794123405791022 0.20259548551222487 1 0.28662483657408405 0.19903144094974892 1 0.2959439466262765 0.19647797398399094 1 0.3038458736892924 0.19654913787856038 1 0.30901109078844863 0.20152061305361993 1 0.31323768561293064 0.2057798566338131 1 0.31856060637456024 0.21245530776372595 1 0.2780099314993498 0.22497504018567366 1 0.2858379829747435 0.22572238329523284 1 
0 0.18981481481481483 0.5747950819672131 0.046296296296296294 0.030737704918032786 0.18143319456377566 0.5774569722261464 1 0.18841329736491694 0.5762523852689729 1 0.19519382527129703 0.5739503626884326 1 0.20127445992167617 0.5705045844797315 1 0.2057945205729154 0.5683984179315826 1 0.2077414100883165 0.5674755638631347 1 0.2068940183732926 0.5704271134345733 1 0.20556369160990912 0.5732260888696566 1 0.20553784348507734 0.5776485812163383 1 0.20773376143575528 0.5839421827867419 1 0.17820561519988384 0.5783856635018155 1 0.1785987224629396 0.5778674891032883 1 
0 0.15432098765432098 0.0778688524590164 0.043209876543209874 0.05327868852459016 0.14758094168267466 0.08577792542302522 1 0.14436095589157158 0.08103621228383638 1 0.1410597672969932 0.07582521780525595 1 0.14223288679812943 0.07034212528708383 1 0.14487684632623488 0.06433506273707945 1 0.14995983660902754 0.058233379127860994 1 0.1576299649625059 0.056721888638202836 1 0.16485920923405126 0.05800159895210633 0 0.17090233823948947 0.06341557296059766 1 0.17254789328908185 0.07329629281393349 1 0.14607388289084824 0.09012522441884345 1 0.15208243722495238 0.0868235132358733 1 
0 0.26697530864197533 0.17315573770491804 0.1697530864197531 0.09221311475409837 0.21609958774131022 0.18362685042056778 1 0.2302497791869773 0.18735330317022758 1 0.24405937029087174 0.18590432764973783 1 0.2594371343106352 0.18075139085891012 1 0.27641950610504723 0.17457035190692508 1 0.29183835388984547 0.16506981694983414 1 0.3064642440211074 0.15470641427082601 1 0.32095491099429796 0.14446402835399472 1 0.33757663079097805 0.13695672205717543 1 0.3514783743727065 0.13229406602350463 1 0.21453170697119028 0.17562593734950344 1 0.20547708008426757 0.18398196937136732 1 
0 0.9915123456790124 0.529214669294167 0.016975308641975308 0.05023261727685852 0.9978154370487918 0.5241796589242942 1 0.9984567901234568 0.5305017986253083 0 0.9984567901234568 0.5374463757435021 0 0.9984567901234568 0.5442499221278541 0 0.9984567901234568 0.55041413833001 0 0.9984567901234568 0.5532265145309864 0 0.9984567901234568 0.5543309779325962 0 0.9984567901234568 0.5503818409323857 0 0.9984567901234568 0.5418974473671229 0 0.9984567901234568 0.5307999570065827 0 0.9932158755500147 0.5259358372350764 1 0.9984567901234568 0.5203109364439235 0 
0 0.13503086419753085 -0.01331967213114754 0.06944444444444445 0.07172131147540983 0.1167916812947403 0.0 0 0.11635349199707276 0.0 0 0.11869670177190167 0.0 0 0.121564254844734 0.0 0 0.12925943404888415 0.0 0 0.14181539153353726 0.0 0 0.15218313056837782 0.0 0 0.15814734002804218 0.0 0 0.1635733747370535 0.0 0 0.16499065292304432 0.0035356780067944712 1 0.11417162309632727 0.0 0 0.12488220510043603 0.0 0 
0 0.2932098765432099 0.17315573770491804 0.05555555555555555 0.055327868852459015 0.2775465057527418 0.17696834803765274 1 0.2748721986986812 0.16973767376826585 1 0.27578374138817696 0.1633748683762781 1 0.2794123405791022 0.15956269862697897 1 0.28662483657408405 0.15599865406450303 1 0.2959439466262765 0.15344518709874505 1 0.3038458736892924 0.15351635099331445 1 0.30901109078844863 0.158487826168374 1 0.31323768561293064 0.1627470697485672 1 0.31856060637456024 0.16942252087848006 1 0.2780099314993498 0.18194225330042776 1 0.2858379829747435 0.18268959640998692 1 
0 0.15432098765432098 0.02459016393442623 0.043209876543209874 0.04918032786885246 0.14758094168267466 0.014631910642548497 0 0.14436095589157158 0.019373623781737383 0 0.1410597672969932 0.024584618260317884 0 0.14223288679812943 0.03006771077848994 1 0.14487684632623488 0.03607477332849431 1 0.14995983660902754 0.04217645693771278 1 0.1576299649625059 0.04368794742737097 0 0.16485920923405126 0.0424082371134674 0 0.17090233823948947 0.03699426310497617 1 0.17254789328908185 0.027113543251640306 1 0.14607388289084824 0.010284611646730375 1 0.15208243722495238 0.01358632282970041 1 
0 0.26697530864197533 0.11168032786885246 0.1697530864197531 0.09221311475409837 0.21609958774131022 0.1221514405845022 1 0.2302497791869773 0.125877893334162 1 0.24405937029087174 0.12442891781367224 1 0.2594371343106352 0.11927598102284456 1 0.27641950610504723 0.11309494207085949 1 0.29183835388984547 0.10359440711376856 1 0.3064642440211074 0.09323100443476044 1 0.32095491099429796 0.08298861851792914 1 0.33757663079097805 0.07548131222110988 1 0.3514783743727065 0.07081865618743904 1 0.21453170697119028 0.11415052751343785 1 0.20547708008426757 0.12250655953530176 1 
