0 0.7299382716049383 0.0430327868852459 0.07407407407407407 0.06147540983606557 0.7559081005144687 0.04715488091038661 1 0.7554650872385011 0.039250215001391545 1 0.7525592198124883 0.03303306667344825 1 0.7485627600399255 0.026291203528932387 1 0.7417686677961358 0.019410642317493048 1 0.7317883301869084 0.018749299527943 1 0.7215951916770248 0.019464694712092227 1 0.7118271050439718 0.022844974560760033 1 0.7025962707782188 0.028847020994461316 1 0.6940912248129767 0.03630784523767462 1 0.7580551905092752 0.05317686924708833 1 0.74943828219241 0.054216691930417574 1 
0 0.8634259259259259 0.8514344262295082 0.06327160493827161 0.0389344262295082 0.8456860591681672 0.8461729940889351 1 0.850671899510986 0.8491049881282928 1 0.8556966094331092 0.853857866960307 1 0.8612930656936747 0.8563051272652539 1 0.8683004147932913 0.8576598497106378 1 0.8753499931339777 0.8581657463078389 1 0.8808476417767563 0.8605698912491373 1 0.8842889575485618 0.8620424738077398 1 0.8879780530033157 0.8635443710610431 1 0.8936679186268537 0.8664886078038923 1 0.8455452419173467 0.8475951025408772 1 0.841372038118624 0.8483109723396272 1 
0 0.49151234567901236 0.19467213114754098 0.05092592592592592 0.04918032786885246 0.4801507976530647 0.2036482835247974 1 0.4847412437825012 0.19646110504240974 1 0.4884534156307942 0.18833124640817797 1 0.49466203954362065 0.18393946511563797 1 0.5004703613517978 0.18047218353251204 1 0.5054773396954081 0.17718433267002132 1 0.5095825091614808 0.17673940526595014 1 0.5141180802061788 0.17626433474135708 1 0.5148903568668199 0.17895827783841803 1 0.5080886274862233 0.1815501791257643 1 0.4794839124249996 0.20761340934810313 1 0.4763025712157571 0.20545224528059716 1 
0 0.18595679012345678 0.05327868852459016 0.07561728395061729 0.0778688524590164 0.2041912553073523 0.05192272230898599 1 0.2016131523375236 0.06009971570613674 1 0.197819646153424 0.06504141158984625 1 0.1867778785632328 0.07117724528166858 1 0.1717674005895597 0.06882330975498868 1 0.1591956612799996 0.07194799759842711 1 0.15189051786894497 0.06986222668338639 1 0.1509080840541034 0.0650803575636156 1 0.15899427548410425 0.06483318094233305 1 0.17273927385000404 0.06423719688878805 1 0.19750545763279104 0.04676574325351776 1 0.21043036857061606 0.04872867131422673 1 
0 0.4058641975308642 0.3452868852459016 0.05864197530864197 0.030737704918032786 0.3914433384830863 0.3459906700051451 1 0.3986113136059113 0.3442508938942979 1 0.4056368751311493 0.34183230763601063 1 0.4112426345721642 0.343320067151093 1 0.41511992265270903 0.3455677072931923 1 0.4173434626479885 0.3474449698864047 1 0.4208593871835671 0.3500499390469687 1 0.42528967301063797 0.3523033217132707 1 0.4300771007793665 0.35166504760783857 1 0.43261752056195646 0.3454918229137138 1 0.3884987866663773 0.34939558949682276 1 0.3884859931363339 0.34485658153580706 1 
0 0.5871913580246914 0.4651639344262295 0.05401234567901234 0.0778688524590164 0.595790782787457 0.47731843122541334 1 0.5901261041766471 0.465366161355842 1 0.5854764458760844 0.4541381703721566 1 0.578082564257119 0.4428735281695231 1 0.5707424827509252 0.43530277922528887 1 0.5659436753192172 0.43400903104720945 1 0.5653847531994691 0.43746035467484556 1 0.5658296550765993 0.44539238745366233 1 0.5667534287827225 0.45681479033951666 1 0.5665221888993349 0.46993057586186776 1 0.5986632723175871 0.4860409898028454 1 0.5971593772761962 0.4823913404791171 1 
0 0.016203703703703703 0.32581967213114754 0.032407407407407406 0.01639344262295082 0.0 0.3188737031289995 0 0.0 0.3220014044854571 0 0.0 0.3255881053793853 0 0.0 0.3255869992166 0 0.0031382721959285625 0.32533705954135245 1 0.010843719074966306 0.32570076296051903 1 0.01765604759993645 0.3262569785331506 1 0.023461084454930062 0.32612966021221573 1 0.0281228277634778 0.32470422870813087 1 0.029159925364787596 0.3229730238197405 1 0.0 0.31893567412994384 0 0.0 0.3198896625505787 0 
0 0.6703432445160826 0.9948770491803278 0.035130933476609526 0.010245901639344262 0.684305293511026 0.9979508196721312 0 0.6792775557248468 0.9979508196721312 0 0.6757212255743373 0.9979508196721312 0 0.6699115630325224 0.9979508196721312 0 0.6641236184199645 0.9979508196721312 0 0.6585324907301903 0.9963332737601391 1 0.6567481785612465 0.9928484304656036 1 0.6574380412469062 0.9942293172050942 1 0.6598727027329707 0.9979508196721312 0 0.6620495811082519 0.9979508196721312 0 0.6879087112543874 0.9979508196721312 0 0.6863028824369974 0.9979508196721312 0 
0 0.7299382716049383 -0.00819672131147541 0.07407407407407407 0.06147540983606557 0.7559081005144687 0.0 0 0.7554650872385011 0.0 0 0.7525592198124883 0.0 0 0.7485627600399255 0.0 0 0.7417686677961358 0.0 0 0.7317883301869084 0.0 0 0.7215951916770248 0.0 0 0.7118271050439718 0.0 0 0.7025962707782188 0.0 0 0.6940912248129767 0.0 0 0.7580551905092752 0.0019473610503670184 1 0.74943828219241 0.002987183733696265 1 
0 0.49151234567901236 0.14344262295081966 0.05092592592592592 0.04918032786885246 0.4801507976530647 0.13446647057356328 1 0.4847412437825012 0.14165364905595088 1 0.4884534156307942 0.14978350769018264 1 0.49466203954362065 0.15417528898272267 1 0.5004703613517978 0.15764257056584854 1 0.5054773396954081 0.16093042142833933 1 0.5095825091614808 0.16137534883241045 1 0.5141180802061788 0.1618504193570036 1 0.5148903568668199 0.1591564762599427 1 0.5080886274862233 0.15656457497259635 1 0.4794839124249996 0.13050134475025754 1 0.4763025712157571 0.1326625088177635 1 
0 0.18595679012345678 -0.012295081967213115 0.07561728395061729 0.0778688524590164 0.2041912553073523 0.0 0 0.2016131523375236 0.0 0 0.197819646153424 0.0 1 0.1867778785632328 0.005603474789865295 1 0.1717674005895597 0.0032495392631854097 1 0.1591956612799996 0.006374227106623838 1 0.15189051786894497 0.004288456191583111 1 0.1509080840541034 0.0 1 0.15899427548410425 0.0 1 0.17273927385000404 0.0 0 0.19750545763279104 0.0 0 0.21043036857061606 0.0 0 
